100 2 0 0 0 0 0 0 0 0 0 0 0 0 0 0 0 0 0 0 0 0 0 0 0 0 0 0 0 0 0 0 0 0 0 0 0 0 0 0 0 0 0 0 0 0 0 0 0 0 0 0 0 0 0 0 0 0 0 0 0 0 0 0 0 0 0 0 0 0 0 0 0 0 0 0 0 0 0 0 0 0 0 0 0 0 0 0 0 0 0 0 0 0 0 0 0 0 0 0 0 0 
100 5 0 0 0 0 0 0 0 0 0 0 0 0 0 0 0 0 0 0 0 0 4 0 0 0 0 0 0 46 0 8 2 0 0 0 0 2 24 0 0 0 0 0 0 0 0 0 0 26 2 0 26 0 38 0 0 0 0 0 0 0 0 0 2 0 0 0 0 14 0 0 0 0 0 0 0 0 0 0 0 0 14 0 0 0 0 0 0 0 0 0 0 0 12 0 0 0 0 0 0 0 
100 8 0 0 0 0 0 6 0 2 6 0 0 0 2 0 0 2 0 0 6 0 2 0 0 0 0 0 16 24 18 0 0 0 0 10 2 22 4 0 12 0 2 0 0 2 0 4 0 0 0 0 2 0 0 0 0 2 0 0 0 0 22 2 0 0 2 30 0 0 0 34 0 0 22 0 0 0 20 22 0 0 0 0 0 2 2 0 0 0 2 0 2 0 0 0 0 0 4 16 0 0 
100 11 20 0 2 0 40 0 0 2 0 0 0 2 0 0 2 2 20 0 10 0 0 0 2 32 0 2 0 2 0 28 12 26 2 0 0 0 14 36 24 4 0 2 0 4 30 0 2 2 2 0 0 0 6 34 20 0 0 0 0 0 2 2 0 0 0 2 2 0 0 0 2 0 12 4 0 28 0 4 4 0 16 0 0 0 0 14 22 4 0 0 0 2 0 2 0 16 0 0 0 2 
100 14 26 2 2 0 0 0 0 2 0 2 0 4 26 2 4 0 2 0 2 0 2 2 2 2 2 0 0 0 2 0 4 4 0 24 16 0 2 0 0 18 0 0 0 0 2 0 26 4 6 0 0 4 4 0 0 0 2 14 0 4 36 10 0 4 0 0 2 2 2 32 2 0 0 14 0 0 4 4 2 2 40 0 2 38 32 0 16 6 0 4 0 0 4 0 0 2 10 10 4 2 
100 17 2 2 0 0 4 2 6 0 26 6 2 26 0 6 4 0 16 0 28 2 36 6 0 4 22 4 0 2 2 54 8 0 6 34 2 0 16 24 4 14 2 4 2 0 0 2 2 6 32 14 40 4 2 28 4 10 4 4 0 18 32 0 2 2 4 24 38 30 4 0 32 24 0 26 0 22 2 4 36 22 0 6 22 24 2 34 2 8 12 14 2 18 30 20 20 0 0 0 14 2 
100 20 26 4 2 26 4 32 32 12 42 0 46 4 28 38 60 20 14 38 26 22 34 0 2 56 38 2 16 2 0 28 22 2 30 2 22 0 6 20 20 24 2 18 0 4 2 2 6 10 2 26 58 32 22 2 6 34 34 0 22 0 38 6 4 14 4 2 2 0 4 28 22 40 4 34 10 16 6 44 2 26 44 18 6 0 30 22 0 36 20 2 20 36 0 4 32 32 0 54 8 4 
500 2 0 0 0 0 0 0 0 0 0 0 0 0 44 0 0 0 0 0 0 0 0 0 0 0 0 0 0 0 0 0 0 0 0 0 0 0 0 0 0 0 0 0 0 0 0 0 0 0 0 0 0 0 0 0 0 0 0 0 0 0 0 0 0 0 0 0 0 0 0 0 0 0 0 0 0 0 0 0 0 0 0 0 0 0 0 0 0 0 0 0 0 0 0 0 0 0 0 0 0 0 
500 5 0 0 0 0 0 2 0 0 0 0 0 0 0 0 0 0 0 0 0 0 0 0 0 0 0 0 0 0 0 0 0 0 0 0 0 0 0 0 0 0 0 0 0 0 0 0 0 0 0 0 0 0 0 0 0 0 0 0 0 0 0 0 0 0 0 0 0 0 0 0 0 0 0 0 0 0 0 0 0 0 0 0 0 2 0 0 0 0 0 0 0 0 0 0 0 0 0 0 0 0 
500 8 0 0 0 0 0 0 0 0 0 0 0 0 0 0 0 0 0 0 0 0 0 0 0 0 0 28 0 0 0 0 0 0 0 28 0 0 0 0 2 0 0 0 0 0 0 0 0 0 0 0 0 0 0 0 0 0 0 0 0 0 0 0 0 0 0 0 0 0 0 0 0 0 0 0 0 0 0 0 0 0 0 0 0 0 0 0 0 0 2 0 0 0 0 0 0 0 40 34 0 0 
500 11 0 0 0 0 0 24 0 0 0 2 2 0 0 0 0 0 0 0 0 0 0 0 0 0 0 0 0 0 0 0 0 2 0 0 0 0 0 0 0 0 0 0 0 0 0 0 0 0 0 0 0 0 0 2 0 0 0 0 0 0 0 0 0 0 2 0 0 0 0 0 0 0 0 0 0 0 0 0 0 0 0 0 0 0 0 0 0 2 2 0 0 0 22 0 0 0 0 0 0 0 
500 14 0 0 0 0 0 0 2 0 0 0 0 0 0 0 2 0 0 0 0 26 0 2 0 0 0 0 0 0 0 2 0 0 0 0 0 0 0 0 0 0 0 56 0 0 2 2 0 32 0 24 0 0 0 0 2 0 0 0 0 4 0 0 0 0 0 0 0 0 0 0 2 0 0 2 0 0 2 0 38 4 0 0 0 2 0 0 0 0 0 0 0 0 0 2 2 0 0 0 0 0 
500 17 0 0 36 2 0 2 0 0 2 0 2 0 38 0 46 0 0 0 0 0 12 38 40 0 2 0 0 0 0 0 0 0 2 2 46 0 0 0 28 2 0 0 0 0 2 2 0 0 28 0 0 0 2 2 36 4 0 0 0 0 0 12 0 0 0 40 2 2 2 0 0 0 4 0 0 0 2 0 0 0 0 0 0 0 0 0 2 0 0 4 34 0 0 0 0 2 0 32 0 0 
500 20 0 36 0 2 0 0 2 0 2 0 0 0 0 0 0 0 0 0 24 2 0 10 0 0 28 0 0 2 0 2 2 2 2 0 0 0 0 0 0 0 32 2 0 0 2 40 2 4 0 0 2 34 2 0 0 0 0 0 46 0 2 0 34 0 0 2 0 2 2 0 0 22 0 0 0 26 0 2 0 2 2 0 22 0 0 0 34 0 0 2 0 2 0 0 2 32 24 0 36 16 
1000 2 0 0 0 0 0 0 0 0 0 0 0 0 0 0 0 0 0 0 0 0 0 0 0 0 0 0 0 0 0 0 0 0 0 0 0 0 0 0 0 0 0 0 0 0 0 0 0 0 0 0 0 0 0 0 0 0 0 0 0 0 0 0 0 0 0 0 0 0 0 0 0 0 0 0 0 0 0 0 0 0 0 0 0 0 0 0 0 0 0 0 0 0 0 0 0 0 0 0 0 0 
1000 5 0 0 0 0 0 0 0 0 0 0 0 0 0 0 0 0 0 0 0 0 0 0 0 0 0 0 0 0 0 0 0 0 0 0 0 0 0 0 0 0 0 0 0 0 0 0 0 0 0 0 0 0 0 0 0 0 0 0 0 0 0 0 0 0 0 0 0 0 0 0 0 0 0 0 0 0 0 0 0 0 0 0 0 0 0 0 0 0 0 0 0 0 0 0 0 0 0 0 0 2 
1000 8 0 0 0 0 0 0 0 0 0 0 0 0 0 0 34 0 0 0 0 0 0 0 0 28 0 0 0 0 0 0 0 0 0 0 0 2 0 0 0 0 0 0 0 32 0 0 0 0 0 0 0 0 0 0 0 0 0 0 0 2 0 0 0 2 0 0 0 0 0 0 0 0 2 0 0 0 0 0 0 0 0 0 0 0 0 0 0 0 0 0 0 0 0 0 0 0 0 0 0 0 
1000 11 0 0 0 0 0 0 0 0 2 0 0 0 0 0 0 0 2 0 0 0 0 0 0 0 0 0 0 0 0 0 0 0 0 0 0 0 0 0 0 0 0 38 0 0 24 0 0 0 0 0 0 0 0 0 0 0 0 0 50 0 0 0 0 0 0 0 0 0 18 0 0 0 0 0 0 0 0 0 0 0 0 0 0 0 0 0 0 0 0 0 0 0 0 0 0 0 0 0 0 0 
1000 14 0 0 0 2 0 0 0 0 0 0 0 0 0 0 0 0 0 0 0 0 0 0 0 0 0 0 0 0 0 0 0 0 0 0 0 0 2 0 0 0 2 0 2 0 0 0 0 0 0 0 0 0 36 0 0 0 38 0 0 0 0 0 0 0 0 0 0 0 0 0 0 0 0 0 0 0 0 0 0 2 32 0 0 2 0 0 0 0 0 0 0 0 0 0 2 0 0 0 0 0 
1000 17 0 0 52 0 0 0 0 2 36 0 0 0 0 0 2 0 0 0 0 0 0 0 0 0 0 0 0 0 0 2 0 0 0 0 2 0 2 0 0 2 0 0 0 2 2 0 0 0 0 0 0 0 0 0 0 0 0 0 0 0 0 0 0 2 0 0 0 16 0 0 0 0 36 0 0 0 0 0 0 0 0 0 0 0 0 0 0 0 0 0 0 0 0 0 0 0 0 0 2 0 
1000 20 0 0 52 0 0 0 2 0 0 0 0 0 0 40 0 2 0 40 2 0 0 2 0 0 0 0 0 0 0 0 0 0 0 2 0 0 4 0 0 0 0 2 0 0 0 0 0 0 0 0 0 0 0 0 0 0 0 34 2 0 0 0 2 0 0 2 0 0 0 0 0 0 0 0 0 0 50 4 0 0 0 0 28 0 2 0 0 0 0 0 0 0 4 2 0 2 0 0 0 0 
50 2 0 0 0 0 2 0 0 0 0 0 0 0 0 0 0 0 0 0 0 0 0 0 0 0 0 0 0 0 0 0 0 0 2 0 0 0 0 0 0 0 0 0 0 0 0 0 0 0 0 0 0 0 0 0 0 0 0 0 0 0 0 0 0 0 0 0 0 0 0 0 0 0 0 0 0 0 0 0 0 0 0 0 0 0 0 0 0 0 0 0 0 0 0 0 0 0 0 0 0 0 
50 5 0 0 0 0 0 0 2 0 0 4 0 0 0 0 2 0 20 0 0 0 2 0 0 0 4 0 0 0 0 0 2 14 0 0 2 2 0 10 0 0 0 2 0 0 0 0 0 0 20 0 0 0 0 0 0 2 0 0 0 0 0 0 24 2 0 0 0 2 0 0 0 0 2 0 0 0 0 0 0 0 0 0 2 0 0 0 24 2 0 0 0 0 0 0 0 0 2 2 8 0 
50 8 2 0 20 22 2 0 0 28 0 30 0 2 26 10 2 6 32 14 0 0 18 0 0 4 2 2 2 0 0 32 2 32 8 2 0 0 2 6 2 18 0 4 0 0 2 2 4 20 0 8 0 0 0 12 4 0 2 0 0 2 4 0 2 2 2 2 0 18 2 12 0 2 18 6 4 0 0 2 0 4 2 2 0 2 0 0 4 0 0 0 0 2 0 2 2 2 2 2 20 0 
50 11 0 18 14 16 0 24 2 14 20 38 2 0 4 26 2 4 22 4 10 4 2 18 0 2 22 0 0 0 2 2 20 0 2 2 0 24 30 0 0 2 22 0 16 16 0 10 0 4 24 4 4 12 4 0 36 2 0 18 4 22 0 12 0 0 0 2 0 2 0 30 24 0 2 2 0 2 22 2 6 2 2 0 2 2 24 0 0 0 12 2 2 20 6 12 16 20 2 0 22 0 
50 14 32 0 22 0 2 2 8 2 0 36 0 2 14 30 16 0 20 2 4 22 0 28 12 42 0 18 8 0 24 2 16 0 26 0 26 8 4 2 0 4 2 6 4 6 22 18 4 18 2 26 0 2 0 0 0 16 14 40 2 0 34 32 6 20 16 26 6 0 16 0 2 22 6 4 18 52 0 22 20 2 14 4 22 20 26 6 4 6 4 2 2 6 8 0 30 0 4 0 18 16 
50 17 24 22 32 4 2 28 26 12 18 16 4 20 26 14 16 8 6 0 2 6 26 16 6 2 6 0 16 6 28 22 28 16 16 4 2 12 0 14 4 26 22 0 22 2 6 22 10 30 18 4 38 12 20 12 22 4 36 12 2 26 24 10 4 38 34 4 14 4 26 2 12 24 24 34 2 20 36 4 8 16 12 6 12 4 2 20 18 20 6 4 4 18 24 24 4 22 2 28 2 34 
50 20 40 30 8 38 42 0 44 20 22 14 36 26 2 36 28 34 6 40 6 42 6 12 22 18 26 38 16 32 6 26 44 28 38 22 20 30 2 38 0 0 38 28 34 38 48 12 26 16 26 44 34 32 4 6 20 20 10 40 34 6 14 6 26 4 14 34 42 30 38 12 12 24 20 2 4 24 24 26 34 22 4 6 4 12 18 14 4 34 18 18 4 20 24 20 18 18 12 22 18 42 
